files/Maps/belgium.mapgr
148570 433698
553101 237965
100770 343333
422761 668589
540846 1035225
235743 809059
726292 332903
883241 434306
334411 666682
521717 416766
808326 329830
16 458100
962913 766033
340268 933829
1033885 33924
764243 321794
319880 702198
572109 719278
115418 789318
245097 873816
972208 843086
1034204 117639
181707 897191
422921 570963
179424 841662
655012 740626
59690 652680
778272 203216
7049 412688
789599 939602
213701 167050
994187 435410
51183 47580
322348 414843
112365 752593
357155 843565
425238 965852
360006 959581
965873 310376
310378 120294
