files/Maps/bretagne.mapgr
52317 639616
124232 91779
536052 182046
144439 497397
621655 279447
277826 469818
251496 142663
48856 158771
375626 87286
48386 75849
527246 630044
378053 429369
227391 318795
387103 343875
494493 309101
477900 324513
463464 452155
559948 91824
32228 278711
9945 228450
355073 401353
469805 393880
274658 443391
153096 192122
542194 321223
6048 227579
382487 494026
375112 80484
276530 92011
407644 295332
233467 473570
316631 580660
49753 660134
616655 565250
545477 551591
115514 310011
490928 433986
46278 365370
195217 193430
140721 605881
