files/Maps/haute-garonne.mapgr
28398 95826
19738 92115
60111 43209
143134 86418
141139 83728
67393 133968
107204 16678
52343 85787
122527 46554
156225 18286
109762 136414
67294 87649
100195 100042
150301 50328
130788 82924
51899 31009
152875 63362
40238 90270
98298 93775
55486 7848
67023 93898
108216 109417
137116 56464
99468 55131
55803 78251
143495 140544
90476 74256
36135 28808
109721 116342
105674 128671
41350 66819
124245 113062
137917 25016
142660 63121
157801 52375
38806 55256
120797 107915
142431 102320
59196 61359
18745 25121
107852 145397
152885 91635
132406 102345
119180 137290
154877 107316
54856 106314
86985 3037
103315 49614
6082 136434
74434 34768
151463 88853
143521 107444
7041 94347
98945 45055
102735 106057
99920 54543
124963 1639
140871 72182
124207 78137
53992 68062
66686 62144
68188 32756
89767 87427
49999 44514
86740 65920
55585 136009
98332 81255
112437 38011
48061 144832
150632 39876
83626 45721
86609 60783
144282 61407
84730 70029
50168 51493
84850 42790
68161 131374
62392 156036
79848 99800
48398 59622
30131 56704
110163 130495
54072 27547
142160 131218
130516 26716
88365 153325
100983 130311
58383 94032
13665 55287
133250 92848
88209 136159
142092 37005
87220 15800
55460 44527
95290 138526
112865 102931
46250 132945
59941 52124
120778 139467
23717 50234
