files/Maps/toulouse.mapgr
16922 23906
22799 128
8909 10560
13499 6268
6788 5482
28073 6767
634 1730
30967 14733
26867 1501
9126 15510
18700 33813
11833 10245
23538 14245
12847 29137
14547 22260
34302 14588
16362 18475
28725 9669
7479 3757
13199 23017
36324 36918
11952 1669
1155 24192
19985 22091
17190 18518
16330 4670
25753 18103
35801 2163
38574 35455
30622 16982
13291 1721
13141 12461
13403 1130
6256 5374
34551 3603
12236 34665
9256 333
32580 28627
33470 26821
36920 31677
32981 17071
20717 31300
24749 18512
30701 8888
32354 24452
17174 25523
16006 7941
8074 24779
9822 25763
10570 15404
15429 1253
34829 29747
39512 15956
25540 27280
13272 2924
4576 35236
24043 30234
36613 16430
23618 2041
4934 25789
19618 26516
36841 34710
37394 36971
10245 406
9610 26857
10834 29108
1057 25980
12302 34346
9051 24269
11229 2685
23211 28065
5610 14350
11117 22232
24075 6320
24199 24261
36468 19917
36138 36208
7325 16393
13975 3664
33674 37243
14159 36875
35170 2404
36853 28957
45 20431
36877 2417
5914 28204
13160 33395
10091 356
37756 37305
9661 2345
5753 1243
3533 23179
22141 25727
29272 7769
1355 25578
20290 10927
18063 11710
25079 3308
3303 17394
4761 1630
28605 1728
23834 36199
24385 28377
38292 9110
19092 21394
15247 4834
8764 34571
15642 23114
20811 14201
26972 9069
18834 3649
26707 23223
23171 5070
28214 4105
2184 9229
11913 37342
22056 21533
4360 7715
33016 27659
38567 4387
28692 27730
9412 16083
704 11527
18117 22768
36156 15203
28789 20868
21199 9258
35600 9278
27111 7315
11658 7297
6579 6692
23670 35053
31890 14884
36095 19666
4594 18966
17818 26550
7147 33186
9015 2749
20577 14852
21638 25267
15134 5707
35770 16892
38634 38576
5784 8721
27280 38139
20144 25410
18509 17606
31 5600
36366 30930
3028 29527
